51441
52117
52118
52119
52120
52121
52122
52123
52124
52125
52126
52127
54860
54861
54862
54863
54864
54865
54866
54867
54868
54869
54870
54871
54872
54873
54874
54875
54876
54877
54888
54889
54890
54891
54892
54893
54894
54895
54896
54897
54898
54899
54900
54901
54902
54903
54904
54905
54906
54907
54908
54926
54927
54928
54929
54930
54931
54932
54933
54936
54937
54938
54939
54940
54941
54942
54943
54944
54945
54946
54947
54948
54949
54950
54951
54952
54953
54954
54955
54956
54957
54958
54959
54963
55175
55176
55178
55179
55180
55182
55183
55184
55185
55186
55187
55188
55189
55190
55193
55194
55198
55199
55200
55201
55202
55203
55205
55209
55210
55211
55212
55339
55340
55341
55342
55343
55344
55345
55346
55348
55349
55350
55351
55352
55353
55354
55355
55356
55357
55358
55359
55360
55361
55362
55363
55364
55365
55366
55367
55368
55369
55370
55371
55372
55373
55374
55375
55376
55377
55378
55379
